´ÎÊý 1.1REQ 1.1REU 1.1time 1.2REQ 1.2REU 1.2time 1.3REQ 1.3REU 1.3time 2.1REQ 2.1REU 2.1time 2.2REQ 2.2REU 2.2time 2.3REQ 2.3REU 2.3time
0 0.505021 0.0668261 0.95 0.000855323 0.00561024 12.562 0.000297248 0.00561024 16.129 0.505021 0.0668261 0.746 0.000166735 0.00558152 73.523 0.000200427 0.00558003 119.883
1 0.410123 0.0481927 0.706 0.00165179 0.00560664 9.362 0.00146782 0.00560664 13.661 0.410123 0.0481927 0.748 0.000166843 0.00557786 79.651 0.000147148 0.00557741 126.222
2 0.323433 0.0441369 0.687 0.000597254 0.00561469 9.76 0.000550262 0.00561469 13.146 0.323433 0.0441369 0.685 0.000111331 0.00558447 69.387 0.000111331 0.00558324 107.551
3 0.303912 0.0283816 0.767 0.000459709 0.0056077 9.024 0.00145789 0.0056077 12.655 0.303912 0.0283816 0.717 0.000147305 0.00559195 81.927 0.000229565 0.00559109 122.243
4 0.342649 0.0541138 0.638 0.000323872 0.00560598 9.201 0.000786663 0.00560598 13.18 0.342649 0.0541138 0.727 0.00023638 0.00558541 72.012 0.000192993 0.00558441 107.552
5 0.626076 0.0515195 0.662 0.000522207 0.00560497 8.362 0.00061109 0.00560497 12.081 0.626076 0.0515195 0.564 0.000166794 0.0055804 67.387 0.000166803 0.00557953 100.82
6 0.804624 0.0898638 0.607 0.00106753 0.00560806 8.566 0.000662436 0.00560806 11.795 0.804624 0.0898638 0.539 0.000147205 0.0055847 65.091 5.56366e-05 0.00558346 100.566
7 0.936682 0.0621946 0.65 0.00120097 0.00562715 9.179 0.00130213 0.00562715 12.595 0.936682 0.0621946 0.571 0.000491949 0.0155175 71.025 0.0002693 0.015489 107.478
8 0.483323 0.0908419 0.721 0.000311284 0.00560298 9.37 0.000528316 0.00560298 13.223 0.483323 0.0908419 0.583 0.000184461 0.00558472 68.767 0.00011124 0.00558414 106.188
9 0.600309 0.0515749 0.72 0.000416844 0.00560185 9.333 0.000555665 0.0056016 12.961 0.600309 0.0515749 0.583 0.000175817 0.00557678 90.96 0.000166811 0.00557488 126.139
delta beta EliteNumber ChildrenNumber variation_rate variation_gap_num_scale_rate
0.01 1e-06 1 1 0.03 0.02
